<?xml version="1.0"?>
<opencv_storage>
<mat_intrinsicMat type_id="opencv-matrix">
  <rows>3</rows>
  <cols>3</cols>
  <dt>d</dt>
  <data>
    7.1961428253326517e+002 0. 3.7281961846037467e+002 0.
    7.3121836003391252e+002 2.8052938784237801e+002 0. 0. 1.
  </data></mat_intrinsicMat>
<mat_distortionMat type_id="opencv-matrix">
  <rows>1</rows>
  <cols>5</cols>
  <dt>d</dt>
  <data>
    6.8314414084296171e-002 2.0305162596910137e-001
    -1.5545892274609629e-003 3.7534116377528292e-003
    -2.1434435312922520e+000
  </data></mat_distortionMat>
<str_cameraName>POV-Ray</str_cameraName>
<int_imageWidth>640</int_imageWidth>
<int_imageHeight>480</int_imageHeight>
<int_letterbox>0</int_letterbox>
<double_CCDX>4.0</double_CCDX>
<double_CCDY>3.0</double_CCDY>
</opencv_storage>
